22.4             96.2            88.5
20.1            103.0           100.4
22.2            104.7            97.1
20.5             97.6            89.6
18.1             93.2            88.8
19.8            100.8            93.6
20.1             96.4            95.4
21.8             87.1            88.5
21.5             83.8            84.9
27.8             83.7            77.2
28.4             79.2            66.9
28.6             68.5            68.8
26.6             72.6            78.3
30.0             72.5            53.2
27.5             68.5            60.3
30.4             78.5            78.3
29.6             81.5            59.0
30.6             72.8            79.4
32.7             74.0            62.7
37.7             78.6            62.9
38.7             94.3            77.2
38.0             98.1            85.4
40.8            100.8            74.3
41.3            102.1            82.1
41.1            111.2            80.3
37.9            108.7            98.0
42.4            105.3            72.8
44.9            113.4            81.0
39.8            112.6            71.6
42.5            111.4            67.6
44.1            117.6            84.3
42.4            113.7            81.0
45.5            117.1            73.1
50.1            122.4            82.1
53.7            116.5            75.5
54.0            123.2            71.0
51.9            123.4            89.0
49.5            125.9            87.6
55.0            121.7            73.0
56.0            129.8            88.0
61.0            129.3            91.9
63.7            141.4            86.4
66.7            140.8            88.2
66.3            139.8            89.6
67.8            147.7            86.3
58.8            142.8            78.3
62.7            145.6            83.3
64.4            146.1            85.1
63.5            137.5            70.9
62.4            141.1            93.6
67.6            140.5            79.4
67.9            138.7            72.9
69.5            142.8            95.1
67.4            145.5            76.5
62.9            142.4            58.8
63.4            136.3            75.5
59.4            141.8            95.7
62.8            137.0            63.0
60.9            144.8            93.1
63.6            149.3            79.6
66.3            147.7            85.3
67.6            151.9            84.2
70.1            155.5            86.2
69.2            154.5            88.2
73.3            161.5            88.7
70.5            169.4            91.2
69.3            168.6           100.4
72.7            159.1            82.1
76.2            171.1            84.3
76.0            173.3           104.6
72.1            177.2           104.7
73.4            181.3            95.6
75.3            177.5           102.7
77.5            185.1           113.0
75.3            187.5           103.1
76.4            195.1            97.2
77.1            195.5           120.9
73.6            187.8           101.1
73.9            186.8           103.4
76.5            184.4           101.7
78.0            191.3           101.7
79.7            199.7            93.9
72.7            203.2           101.3
74.8            216.2           115.5
76.4            224.4           116.8
75.5            224.3           129.1
79.6            221.7           125.8
77.5            225.1           119.6
75.2            226.6           106.3
78.3            230.4           115.8
81.4            237.1           129.0
80.2            247.7           136.3
83.1            254.3           138.3
86.1            252.8           142.8
87.7            252.6           131.8
88.4            247.4           149.2
87.3            247.9           118.0
86.5            254.8           127.1
82.9            251.1           137.2
83.2            250.1           147.2
83.3            248.6           127.9
79.1            241.4           137.3
85.4            247.5           118.5
85.8            250.5           130.6
88.1            248.5           127.7
87.7            257.0           125.0
86.9            259.3           132.4
87.0            260.0           142.5
90.3            249.6           126.2
91.3            255.8           117.8
94.1            256.1           141.9
93.7            257.8           133.7
93.6            257.1           131.6
95.3            259.7           116.7
96.4            266.2           124.3
90.5            267.6           134.2
92.1            276.8           135.3
88.4            265.9           130.3
86.1            255.7           131.9
90.1            254.9           124.9
88.0            249.6           128.7
90.5            259.4           144.9
89.1            260.6           143.8
90.3            262.1           129.5
93.1            253.7           121.1



