x
7.22013663661172
5.75734436008675
-5.16725168248423
-3.78629393345936
1.26004687156017
2.90660821912188
0.372529616141219
1.04293167992189
1.6576177232933
0.908100002052076
6.16384479491533
6.03242002536244
-8.22902765681542
-0.704325399792086
4.57470141854756
-7.40998499677083
-6.37529574091005
-1.47147075497042
-7.03610945975057
-5.33355372231616
-7.98278185655476
-1.8956260225393
1.65917616151728
-6.62791115459941
0.702138378913793
7.56560575049009
-2.18816925127094
1.48286785476611
9.00109950214098
4.12273365939529
3.66693975400465
5.85540593738582
2.17138014396079
-0.0652912188841884
-0.884702348830429
-2.83389691667465
-2.74168094870581
-6.02472647496849
5.40933988556977
7.99075629200979
-4.05807117615722
-4.74561369873437
4.17402792582576
2.2233071287196
-2.27777154472261
0.270616602061152
0.388103186046356
1.54236587200292
4.82060559865603
2.12804322839349
4.81800904219943
-2.34307741777611
1.53499585449262
1.833975531429
2.82741416804408
-1.98528003505439
1.094993766765
-2.43609680040283
-3.83663411316943
-5.80265069399016
-1.88260388815822
1.68849084829853
-1.73063478856582
2.51929433484001
11.6622765808924
2.05312080827067
-10.4553108708546
3.50506189099496
2.86672430806409
-8.90035642943008
-0.273371724688083
4.27359142320821
-8.57909004749711
-1.3463682873526
2.63279912562058
-2.6660463803534
-0.461520550968208
0.436626959848496
1.33799181644096
0.857061335427935
1.14192285308033
4.53871506670233
4.99121527445435
-1.65018405520381
5.55190541132052
8.44863941910612
3.2545182341068
1.46367765620682
1.05189762533675
5.7235653479744
0.792274711516852
6.6610247775744
9.94947014568556
3.68438658169861
-5.68216323678706
1.48605842498979
1.28616595276682
-2.75884015128255
-4.36957602677844
-4.72754363641899
-0.869268114051015
-3.81694515934651
-9.3256112512893
-5.87046501408585
3.70207130298886
-3.36324365434661
-1.9835074012601
-3.83795847216464
-1.69572560164364
1.22525060645997
2.54367124988035
-3.00956849985951
-0.894360229883071
-3.27017200670366
-5.09837866546014
-1.57509880435469
-5.21419951447379
-5.72088963708216
-2.80275914848313
7.40732158778859
-1.5679235814948
-1.39751728581737
2.35167036379557
-0.430213793353131
-4.63843877550291
7.08929327790002
3.63285812592376
-1.6433097766651
-0.0138598692073086
-5.68262492496162
0.778856344833726
-3.60158927528676
-2.64247474902703
6.68914861834107
0.101594923674245
-3.78990367981651
4.96766904432184
-4.97011125070062
-12.6372928148457
-6.15476359944244
-6.74406191402387
-10.3083040602547
-2.71997927132798
7.80732474559751
-2.59308109386249
-1.95419557704777
9.23423624624195
5.01825089245458
-7.36711571390894
0.794566515577931
0.240410077876402
1.03749765070564
-2.74229309556899
3.35578777769149
0.394367208948011
4.19815529335655
-2.56568547495021
-5.39799108522241
10.4269798494524
6.23624964019727
-4.80249664810496
4.16169445994341
6.24812986897262
-2.24594986967706
4.03891903242519
0.243402075269068
-1.3374259458015
1.78333085955067
8.57850433913129
0.205797724261995
-6.29413413102301
0.0572873393748162
5.43942934711523
-1.77238682044839
-2.74060430637755
-4.05221311477243
4.26204935897182
1.55843231083231
-6.713306575093
-3.11259313426094
2.22950929256626
1.7770171697022
0.775346977915978
2.78688458756925
0.00884192599090228
2.10280522200641
-0.828243901076455
0.74900547105162
-4.71159953142826
-6.32411808523255
5.24229487408444
6.25476509972498
-7.63772968294493
-5.24477731959109
0.182124611332223
5.5084734601784
6.2096600520315
-0.747459820497316
1.04757078755821
5.82238268421296
-2.21441548000613
-4.99158502969531
-2.64042321463608
4.20452726414388
1.74146374667182
-1.95253464035376
1.97337610323072
9.05512904122132
-1.27665974924332
-4.9152709320601
6.50065976412939
3.50575521939699
-7.16875052814174
-6.30175162476853
-3.28245910368938
-6.91520972549569
-0.129542566605297
2.8594903786689
2.54129400558189
-0.250695134057353
1.88441020214793
-0.273994741395214
-3.92467389702281
1.28386256319519
-2.33636361012477
3.60848161436568
3.40144904044202
1.44406391551156
-3.70648347743402
0.938086160459084
-7.57979638792133
-2.96206395109558
-0.234727049044093
0.512987739279572
-5.03085271419636
-3.6680272447408
-1.87195123021053
5.08392734944924
-4.10883981572421
-4.71555088939617
8.56542454097221
5.57600979329331
-9.99675939026173
-2.99277188872789
5.15637622425372
-3.17438754159856
-6.28849166236567
-2.09010356660264
1.16993932123876
5.10542112578201
1.38845246358475
3.35844121459203
6.23881569902842
3.30224616255502
-7.17975911400689
-2.06118254267611
-1.97837546501719
-2.44290684342735
2.08983492747512
11.2860023467167
9.27266341173861
2.86217462948986
-3.48767675342686
0.120455470156603
1.5138142626266
0.786548271139357
1.61789448111964
4.83081082607183
-3.56890287298401
3.00203718559145
2.0977314335987
-0.962072402971381
-1.86680935106934
4.23519789669475
-0.593407071850148
-6.03026001204052
0.286452296503988
4.3532216234881
-2.2895205883855
-2.92549891826743
3.97086861376432
1.04842469614659
6.16199535277352
2.54495503421188
-0.027990356184237
6.71115828845137
9.18222536543757
4.39489935083103
0.776007354467019
9.55804353284397
6.1921250352745
7.77168285559618
-2.5391180782117
1.42586933085637
5.60268684711837
1.98010488815672
-8.97665761700321
-2.70027710402198
-3.68749867348345
-6.30031375988372
-0.725180305696058
-9.40279252319514
-4.614052054288
6.36658406038207
9.69223655728836
4.25388719555771
7.57885553606314
-2.13137245777717
-1.69010266284322
-0.222493160251348
1.51223908692157
-3.5556097040905
-5.60947873653843
4.85437541091537
8.78515679655419
0.135370439297988
3.85004079262668
1.8474295927233
0.41142226511538
0.353571145467872
2.70466526379359
-1.9267601532824
4.12319524931423
5.4782439521801
3.91707116418602
3.38687790797947
-0.542053548366434
-3.26212374784412
5.01356946497503
5.61132352230113
-11.9054785470536
-8.57819355796289
1.48012700561304
1.54495029070082
-4.26640366977567
0.720126805772352
6.38260371702981
9.97143102322968
2.4513234166565
1.3215664144699
-4.3734189199552
-0.118005365516828
-2.6737115400524
-6.51646655935909
-5.62952926814886
5.26931033738371
-8.07450360870139
-7.33650580168839
1.72589555517961
-2.61235891551429
-5.45809171487153
3.43697805038968
0.335399983890452
-11.7002324429599
7.5719461759439
5.32309547000245
-1.16128360549132
-0.498867369414672
11.2823907512709
3.05873260539519
1.90838418661112
1.65429654673072
-0.532555232122123
2.22243480660155
-0.694708085258568
8.66229821730199
-3.57740168167536
-3.69320391002781
3.45256556851582
7.59334709980105
-7.37654378356186
-4.19907333608264
1.44954545566947
0.489915285432542
-9.62916128293991
-4.48497508310763
2.61415575117027
-0.548920650593384
-7.5231284724079
1.58912325436587
7.28592816108607
3.4691734552524
-6.14146499070614
-1.06999938645857
3.79571079473896
-2.88979190170706
-12.9183913633015
0.226120862171195
-0.340113326635063
-7.43809233830019
2.22472948433167
2.67090210486288
-1.43729905202059
-2.49117473612553
-1.17835791930605
-2.50295236481456
-3.3629568499056
-8.09472812819306
-0.54983583718167
2.08636913027506
-8.16965345427469
-4.99592775512483
4.04295902202934
-0.609775409773568
-4.48070462989247
3.819617310414
3.22800365925144
1.39733238400356
1.8573092003858
-1.11999310086046
-10.6036367500019
-3.96988116423769
1.51213985658293
0.109578964286846
-6.45921887820217
8.17721595214171
5.93415553683394
0.591373468855076
5.08659244774764
3.5980570106867
-4.35320120765628
10.1078924904518
6.40877455765753
2.78030846525782
-1.2259973827657
1.15927267143494
1.15731915636452
4.06495210529493
-7.97012668671766
-0.780612751945061
-2.7234693292453
0.396581375418874
3.81703867064107
-7.25134591992837
-1.09620010614986
1.30522856836793
-1.08968304090887
-0.374627659560659
3.46489921300133
-6.31104692154978
2.01033113978729
3.10697622245539
2.81316360037923
-7.79298957423072
-9.3952566026956
5.0490843162015
7.18947240201281
-3.06749285425385
2.73901512158751
9.78911639831367
-7.98168072455465
-0.110005071924374
2.93878309629563
-1.26115231912229
-5.73888972350633
6.82563139727238
-1.37999316405802
1.7110761716068
-0.567281259383947
-3.58050511461162
2.04958520837032
6.58197135555998
5.67626203547364
2.1629097293495
7.81455396347401
11.7938209910568
4.88775235410413
-6.93773960920265
0.552092163311902
2.06783288365639
-2.88447195057853
4.59566352619831
2.12532595128922
0.104780803129504
1.73556766073123
2.56512009199304
-0.33961248689387
6.69475946874689
2.01302560981221
3.01275128096456
6.02435546121592
7.27814217228204
-1.21219147893395
7.059423316401
3.35358186947481
-1.01266841086917
4.9990695151072
11.1544524522294
-4.74028234973215
-4.75546566416127
-2.63985229480479
-0.774991036029959
-2.3837876279351
-0.28017831577687
0.925877382634567
0.0226969537822423
-4.80356884123019
3.59732275046614
5.58144714956466
-7.53594056327723
-4.08196895218083
0.297987939490608
-10.3842900523001
-6.46379235054225
1.08194989728028
-3.96448474046018
-2.58361760854339
5.85135469123679
1.96795135964875
-2.40710106336096
-2.91484789752063
0.153210810465279
0.508816822760874
-5.53315880862037
-3.81455896884147
4.525432622554
1.27541617633047
-5.85031512840795
-1.08068548626707
6.23661868774185
2.76781076919951
3.95994951542545
3.46095531782234
4.28689460325595
-0.353261892370502
3.39674491181984
-1.09520904829251
-6.57330428492282
-2.80334999558448
9.83445844502325
4.02157634065584
2.99064908083118
6.16163256775665
2.17564976689829
-1.07055821372962
0.763256791588871
-2.98708637776938
0.416317155640679
-3.47070743949245
0.268879957260173
5.33954713668187
-2.76015782412072
-2.21018117539635
14.7333862043251
1.96606342680004
-1.1724346715982
2.79696964976523
6.60000797494835
0.928771278086687
8.12288088695326
-4.31412304699961
-0.445060923674785
-0.683835989523859
0.219788785594419
-6.94313374390377
-3.74666944166596
-0.104821388034745
-3.45173774118502
1.97856903650111
-2.33958464605096
-1.37001257820679
1.33746767134094
6.15505157822316
-3.84283335458569
1.11768485121981
5.56336238818722
-3.62170707554868
-7.1423831603339
1.62647678653691
-0.195953889269741
0.243912564324513
5.19495059595221
1.86289318129862
-6.22031327409256
0.996007690068503
-0.307342206721389
-2.58985014685118
-7.83626214202519
0.914037782151937
-3.52120671898345
-3.87128044998242
-0.348228480899068
-1.24560955340402
-1.8887500301157
-3.21938890785555
-13.524997388241
-4.07689741536801
6.06259868409196
-5.16363087316595
-3.02859931885351
0.2482869136757
-1.71046575186969
-8.37339609149348
1.59304555960063
7.52552346187707
6.28863754091336
-1.75650329523454
4.79135436018286
-2.47923950397446
1.08417004898976
0.245615930618336
-4.58008457418651
-9.11910946137734
-0.852961801481699
-4.95017769374979
-5.27104626597829
-7.78389767598259
4.56833689476019
1.68475426659715
2.50704784408374
-9.23300050396549
-2.58937182301618
-2.99912597121052
-5.84496127022642
-2.17055125565452
-1.75348248678543
-3.85933733832362
3.85678117688212
5.04832367967766
-7.33199303965333
4.56408237713293
4.30726548403244
-5.34437243452845
-8.67485811497838
8.99278707575911
0.334743612651448
-12.852184767541
-1.19151609037446
7.68408812950056
-9.58106418864807
-13.0745528623512
-0.62183762530244
4.23620875472577
0.131712465509524
-4.17837232231652
-2.24521277398604
2.66063700510654
1.41738994131654
0.531531647322601
-1.56982511443388
3.96846198015681
-0.944466947077795
-2.36047871558493
2.12472019025269
6.87626770203138
-8.91393777710602
-2.86032403739252
5.94150275459842
-4.91388335853585
-5.51572733367165
0.384966508167169
2.36919436905723
1.31748190199646
5.09674686712692
0.427132024336953
6.49809867767784
7.90434105349752
11.2083532668643
3.19057596740185
-7.09868163852268
-0.267721200655356
4.58398044266243
-3.6930110093338
-2.53885695832197
7.15451136252744
-0.218399497347202
-2.53352963315934
3.33858610926857
-0.214801770980885
-2.86425357791959
-7.31799055180442
-7.45639783084508
-7.88786570460606
-6.3031470733778
-8.67098745726934
-1.10991584556913
2.45143294637435
-2.49433940414365
-6.08735746732108
-3.56516788314805
-2.05818419094645
-4.32362908256465
-0.575068925453657
-1.9367536936712
-9.27283842493629
-3.73798097742481
6.31695970262386
4.24757991693874
-5.4589113978124
-5.65820816204564
10.7626315327094
5.19621424690527
-5.43481737957231
1.07391916230031
0.364260877879503
-8.35563042069438
-6.55545383392589
-5.62600932890239
-4.30310916423461
-6.36523158825449
-3.19687129294448
2.70647296393974
-3.63162693153021
-3.19053720700345
6.26460370468757
4.88372702222777
-1.09949944410281
0.592374656741084
1.73371511618326
7.00066325242832
5.78012218897254
4.69978470181612
0.957181435697724
4.49434400376759
4.16442786023617
-3.05119417280747
-9.89315583004592
1.17202907392678
-4.59597738914367
-6.79137867906036
-0.494060235951663
4.14809740687233
-1.89817100962427
-1.38898089479277
3.5007986973951
10.1022126515006
5.60118518992204
-7.71209117068233
5.69718337401206
6.46559160254629
0.255455823247408
-0.0171828767324794
4.83217815492943
-1.53574243395486
5.57212885512302
5.45778188352141
4.08306032369056
11.7716861735391
9.21863284254302
2.47239049244161
-5.41742839420284
11.2099402355748
3.38702646000018
5.66815811520462
3.53236754344759
12.6439783694737
0.961538571994086
6.66835810314838
1.90060692854726
2.12543055043145
-1.94316394693058
5.19095288885698
0.935269542509883
-9.5582112188084
-3.65242584759494
4.58245198583703
0.67247189673194
-0.710934553240445
-4.23496631623552
-0.0879844492929822
6.50634635481184
6.08725432574932
-2.57161079082466
0.662320595477628
8.12391689946006
-2.26594607312132
-7.07342507901509
2.43717968727004
-3.57408403183737
-6.85205649829373
9.4885478890216
3.22223060711631
-5.25008578876365
4.75581982658655
3.37871124150741
0.82813115960018
5.01976124350516
2.26271924270744
-5.35105124010317
-4.81839860193018
-3.1138059503275
0.98989625970411
-9.57045107782669
-13.5585077707752
-4.72073626379972
1.65790052474556
-8.74621641313063
-0.984290715052617
3.81207092250993
0.143768575723723
1.40156450019794
5.86665403317838
-1.59138505434385
0.01351792018707
5.26929442265786
2.26313124468418
-3.26740639138255
3.430865684991
7.80947439884009
2.50645038713562
-0.304346966333934
3.00553980363011
10.2946267071231
4.77154454680965
-0.99368488041063
-8.96452788779043
-6.10767730965913
-3.42816969434892
-1.23249760058074
-4.63153739705072
2.51551208101642
1.85326783065881
4.87650274623792
-0.376228271473873
-5.71214161037895
-6.7963743972787
3.08767674745226
-2.28540795247931
0.0502354327632607
-0.513366009419711
-0.763920099837497
-2.55955668243752
-6.40493843104279
-9.50661115758179
-8.39670045176368
0.344187900745684
-4.26097021406574
-0.349848440604067
6.62100291152995
4.4312080934369
-1.22282538973901
-3.14660186248194
-4.29215873366927
-1.91795816873743
0.945325897717433
-6.90589596883347
9.06137096441827
4.30957993260868
-1.69638819020994
3.28798336829985
6.65037778014713
-5.89429246982524
4.04824153137081
9.82853242395741
1.2843587590958
1.11932676937529
4.53221031224899
6.03666237374658
-3.65809551011745
7.8661173680732
2.39441567057466
-6.66419147457062
-5.05699853913136
5.62255097857388
2.66809702673642
3.79306539485172
2.14317332777977
-3.79294459279011
-2.16336132522395
-1.01872512669663
8.70896897718248
-6.36591330910351
-0.596518087530434
3.0797335961221
9.0110181895201
-6.20515755475118
1.18603938398353
-4.31052120438342
4.4198334102999
4.50497248687791
10.4312467627305
4.51700131633855
11.902154996488
11.7898572713586
4.33125583434722
2.68144206211129
1.06903125775168
-1.76847826937271
4.06002945311428
4.71893115356554
-0.158424647670401
-2.16183262215835
-1.44651525841925
-3.2596122681549
0.0978804641462347
-5.87041407928248
-0.683072962370322
-3.7871528405983
5.68962618167807
3.73266794246481
-1.68300644818212
-1.70150088128027
4.22313845189173
-0.348686849926882
0.205534924211723
-3.00562478535852
-5.68889889022182
1.39874008005772
6.79085755064895
4.31281837315391
-1.73324151408345
4.28910335014499
5.44833727803578
1.14580092269942
0.147147644286947
12.7625693775164
-0.726314369397266
-1.91024915026385
-4.12410601033533
3.10939591627594
1.80992791845555
7.24669878044104
-8.70585408683348
1.08849209269758
10.7644009991754
1.52081616479924
-6.90778336115734
3.27793765561513
4.00447983317463
1.05984003158815
6.20024565912161
2.11272426100482
1.37750134683094
12.436048484229
8.1514044677398
-0.552418094443463
-2.74231201050799
2.68373778180371
-1.32046443491746
-1.48488023804586
-5.06622649740777
-2.87615035919745
-4.34296945344792
-2.18604918800041
3.68328077647397
5.25487098152418
-1.16249595718279
-6.56913968799674
-2.52185507551179
-1.96123868216994
-2.97953627226988
-6.04029603944791
6.08593234534145
2.63105409583471
-6.10513310475546
-2.44402046391259
0.535429473303375
-4.24958731254766
-0.705318556677918
1.66475866531702
-7.71364997274227
-0.875214376095065
2.91463670122562
-5.98712643674575
-2.21233025357771
7.41205430056787
9.5352831413986
2.12617400028522
3.22410648362642
3.05152722623976
4.53149042287639
-8.7958489115208
-9.99429239013553
-2.36719763171507
-3.21190326476874
-5.88561978038288
-10.0393878661595
-9.09989289112077
-7.31542163225302
1.44640225192158
-7.64362642506493
-7.75937767708852
-0.895395536313379
1.14710419534287
-3.65266201797262
8.95656054797342
0.133291721931357
-4.76044799637741
0.228039350123279
8.83490983790544
-4.48655678344607
-2.44304254964636
3.72934515355699
0.0379235986452342
1.58583114226474
7.18692336683091
-2.94946009365731
-1.80831293787474
5.09252811980593
-0.14485000273468
-2.03612704537354
5.59269247484075
-3.98117611392291
-4.22553079679841
-0.971153193897031
-3.09055951788013
-9.82928856728109
-1.70922617917875
-1.02200992459359
-13.0523031844245
